
36
1.000000, -0.203577, 1.000000, 1.0000, 0.0000
-1.000000, -0.203577, -1.000000, 0.0000, 1.0000
1.000000, -0.203577, -1.000000, 0.0000, 0.0000
-1.000000, 1.796422, -1.000000, 1.0000, 0.0000
0.999999, 1.796422, 1.000001, 0.0000, 1.0000
1.000000, 1.796422, -0.999999, 0.0000, 0.0000
1.000000, 1.796422, -0.999999, 1.0000, 0.0000
1.000000, -0.203577, 1.000000, 0.0000, 1.0000
1.000000, -0.203577, -1.000000, 0.0000, 0.0000
 0.999999, 1.796422, 1.000001, 1.0000, 0.0000
-1.000000, -0.203577, 1.000000, 0.0000, 1.0000
1.000000, -0.203577, 1.000000, 0.0000, 0.0000
 -1.000000, 1.796422, 1.000000, 1.0000, 0.0000
-1.000000, -0.203577, -1.000000, 0.0000, 1.0000
-1.000000, -0.203577, 1.000000, 0.0000, 0.0000
 1.000000, -0.203577, -1.000000, 1.0000, 0.0000
-1.000000, 1.796422, -1.000000, 0.0000, 1.0000
1.000000, 1.796422, -0.999999, 0.0000, 0.0000
 1.000000, -0.203577, 1.000000, 1.0000, 0.0000
-1.000000, -0.203577, 1.000000, 1.0000, 1.0000
-1.000000, -0.203577, -1.000000, 0.0000, 1.0000
 -1.000000, 1.796422, -1.000000, 1.0000, 0.0000
-1.000000, 1.796422, 1.000000, 1.0000, 1.0000
0.999999, 1.796422, 1.000001, 0.0000, 1.0000
 1.000000, 1.796422, -0.999999, 1.0000, 0.0000
0.999999, 1.796422, 1.000001, 1.0000, 1.0000
1.000000, -0.203577, 1.000000, 0.0000, 1.0000
 0.999999, 1.796422, 1.000001, 1.0000, 0.0000
-1.000000, 1.796422, 1.000000, 1.0000, 1.0000
-1.000000, -0.203577, 1.000000, 0.0000, 1.0000
 -1.000000, 1.796422, 1.000000, 1.0000, 0.0000
-1.000000, 1.796422, -1.000000, 1.0000, 1.0000
-1.000000, -0.203577, -1.000000, 0.0000, 1.0000
 1.000000, -0.203577, -1.000000, 1.0000, 0.0000
-1.000000, -0.203577, -1.000000, 1.0000, 1.0000
-1.000000, 1.796422, -1.000000, 0.0000, 1.0000
 
